function fg = fg
%FG
%    FG = FG

%    This function was generated by the Symbolic Math Toolbox version 5.8.
%    03-Oct-2014 05:35:24

fg = [0.0;0.0;-9.81e2./1.0e2;0.0;0.0;-9.81e2./1.0e2;0.0;0.0;-9.81e2./1.0e2;0.0;0.0;-9.81e2./1.0e2;0.0;0.0;0.0;0.0;0.0;0.0;0.0;0.0;0.0;0.0;0.0;0.0];
