function fg = fg
%FG
%    FG = FG

%    This function was generated by the Symbolic Math Toolbox version 5.9.
%    02-Jul-2015 14:28:01

fg = [0.0;0.0;-9.81e2./1.0e2;0.0;0.0;-9.81e2./1.0e2;0.0;0.0;-9.81e2./1.0e2;0.0;0.0;0.0;0.0;0.0;0.0;0.0;0.0;0.0];
