function fg = fg
%FG
%    FG = FG

%    This function was generated by the Symbolic Math Toolbox version 5.9.
%    01-Oct-2014 21:43:10

fg = [0.0;0.0;-1.0;0.0;0.0;-1.0;0.0;0.0;-1.0;0.0;0.0;-1.0;0.0;0.0;-1.0;0.0;0.0;-1.0;0.0;0.0;-1.0;0.0;0.0;0.0;0.0;0.0;0.0;0.0;0.0;0.0;0.0;0.0;0.0;0.0;0.0;0.0;0.0;0.0;0.0;0.0;0.0;0.0];
