function fg = fg
%FG
%    FG = FG

%    This function was generated by the Symbolic Math Toolbox version 5.8.
%    24-Jul-2014 13:59:43

fg = [0.0;0.0;-9.81e2./1.0e2;0.0;0.0;-9.81e2./1.0e2;0.0;0.0;-9.81e2./1.0e2;0.0;0.0;0.0;0.0;0.0;0.0;0.0;0.0;0.0];
